26.5
26.37
26.87
26.12
27.5
27.87
28.62
27.62
27
27.12
26.87
26.62
26.12
25.75
25.75
25.12
24.5
24.75
25.12
25.37
24.87
24.87
24.62
23.87
23.75
22.75
24
23.87
24.87
25.62
25.62
25.37
26
26.25
25.25
24.62
24.75
25
24.87
25
24.87
24.75
26.25
25.75
24.75
23.25
24.12
23.5
23.75
23.75
23.25
21.87
22.62
23.12
23.75
24
24.62
25.87
25.37
24.75
24.37
24.87
26.12
27.37
27.25
26.75
26.37
25.5
25.75
26.37
27
28.62
27.5
27.37
27
27.5
27.62
27.75
28.75
29.12
27.87
28.37
28.37
28.25
28
28.75
30
29.75
30.62
30
30.25
28.12
28.62
29.25
30.12
29.62
29
29.62
30.25
29.87
29.87
29
28.62
29.25
29.5
30
29.87
29.87
30.5
29.75
28.37
27.62
28
27.62
26.37
26.87
27.62
27.25
26.75
25.12
24.75
24.87
25.25
25.87
24.62
22.12
21.5
22.25
23
21.75
21.75
22.62
22.87
22
22.25
22.62
22.25
21.62
22.5
21.87
21.87
22.12
21.62
21
21
20.87
19.62
19.62
21
21.37
20.87
21.37
21.62
22.62
22.87
22.5
21.62
22.12
22
22
21.87
21.12
21.25
20.87
19.25
20
19.75
20
19.87
20
20.25
20
19.75
20
21.37
21.75
21.37
20.75
20.62
19.75
18.12
16.87
17.12
17.62
17.37
16
17.25
16.87
17
16.37
16.12
16.12
15.75
14.88
14.75
14.88
15.25
15.63
15.75
16.12
17.25
17.5
18.12
18.37
18
18.12
17.25
17.5
17.62
17.62
17.62
18
18
17.87
17.75
17.5
17.62
17.25
17.37
16.87
16.5
16.25
16.62
16.62
16
16.25
15.88
15.88
15.75
15.38
15.25
14.88
15.13
15.25
15
15.25
14.63
14.5
14.63
15
15.25
15.25
14.88
14.75
15.13
15.25
15.25
14.88
15
14.75
14.88
14.88
15
15.25
15.38
15.5
16.12
15.75
15.25
15.25
16.25
17
16.75
16.87
16.5
15.88
15.88
15.88
15.75
15.75
15.63
15.5
15
15
15.13
15
15.88
16
16.62
17
18
18.25
17.75
17.25
18
18
18.37
18
18
17.87
19
18.62
18.62
18.75
18.62
19.25
19.62
20.5
20
19.87
19.37
20
19.87
19.87
19.25
19
19
19
19.12
19.37
20
20.12
20.25
20.12
20.5
20.12
19.75
19.37
19.5
19.75
20
20
20.87
20.62
22.25
22.5
22.37
21.87
21.75
21.75
22.37
22.25
22
22.25
22.37
22.25
23
22.87
22.62
22.75
23
23.25
23.87
24.5
24
23.87
24
23.37
23
22.62
22.12
22.25
23.62
23
23.12
23.87
23.75
23.75
24.12
24
23.87
23.87
24
23.87
23.75
23.87
25
25.12
25.25
25.75
26.37
26
25.62
25
24.62
24.62
25.25
25.37
24.75
24.62
24.87
24.75
24.75
26.12
26
26.87
26.5
28.25
27.62
26.75
27.87
28.25
28.25
28.25
27.25
27.25
27
26.75
27.25
27.62
27.12
27.25
27
26.87
27.37
28.25
29
29.75
30.37
29.87
29.62
31.37
32.25
32
31.25
30.25
30.25
30.5
32.13
32.63
31.5
33
33.38
36.38
36
36.88
36
36
35.63
35.38
37
36.75
37
36.88
37.25
37
37
37.13
37.88
38.75
38.88
37.75
36
36
36.13
36
36.38
35.88
34.25
34.25
35
36
34.75
34.88
35.88
36.25
35.88
35.88
35.38
36.13
37.63
35.63
34.25
34.63
35.38
37.13
36.25
34.88
33.5
32.25
31.75
33.5
34.63
34.13
33.13
34
32.38
31.25
30.5
31.25
31.37
31.5
32.13
31.12
31.75
31.62
33.5
34.25
36
36
35.75
35.38
35.38
36.25
35.75
36.25
36.38
36.63
37
37.75
37
34.75
34.75
35.5
35.13
34.75
35.75
35
32.63
31.75
33.13
34.88
34.25
34
33.63
35.25
36.13
35.13
34.5
34.25
32.5
33.5
34.13
34.13
33.75
34.13
33
32.75
33
33.25
34.63
34
33.38
33.63
33.63
32.88
32.75
32.5
33.13
33
34
33.38
33.38
34.25
34.63
35
35.75
37
36.13
35.75
35.38
35.5
36.63
35.5
35.25
36.38
35.38
35
35.25
36
38
40.25
40.5
40
40.13
41.5
42.75
42.5
43.75
42.5
42.38
43.5
42.88
41.25
41.75
42.5
41.25
41.38
42.13
42.13
42.13
41.88
41
40.5
41
40.5
40.88
43
43.75
44.75
44.75
45.38
45.5
44.63
48.13
49.88
48.75
53.13
51.63
49
52.5
50.25
49.75
52.75
55.38
54.13
55.5
55.88
55.5
55
53.88
54
52.63
52.75
56.5
58.63
62.13
66.37
63.5
62.38
61.25
63.13
65.5
69.12
69.12
70
67.5
65
67.62
68.5
67.25
64.62
66.75
66.25
65.25
63.5
65.25
67
66
68.37
68.25
67.5
66.25
66.75
67.25
65
62.5
64.5
66.75
71.75
71.75
70
67.75
69
71
70.25
67.5
68
71
71.5
71.12
74.75
74.25
76
74.75
75
77
77.75
79.25
80
79.75
80.25
80
80.25
79
77
75.5
78.5
79.25
78.25
75.75
73.25
74.5
74.5
74.12
78
79.5
80
79
77.75
77.25
77.75
78.5
77.75
77.75
78.5
78.5
79
79
78.5
41.5
40.5
41.5
41
42
41.25
42
40.5
40.5
40.75
40.5
40
40.63
40.75
39.25
37.25
37.75
38
40.5
43
44
44
43.25
41.75
41.38
42.5
41.75
42.5
42.25
41.88
41
41.5
41.25
40.25
42.25
43.25
46.25
46.5
48.25
49.5
48.75
49
49
49.5
48.75
50
51.75
53
52.25
52
52
52
52
54
52.5
52
51.25
50.5
49.88
52.75
53.75
54.5
53
51.75
51.75
52
51.75
50.25
54.13
55.25
56.5
57.5
55.75
54.5
56.5
58.25
58.5
59.25
55.75
55.5
54.25
54.13
53.25
54.5
53.25
52
48.25
36.5
34.5
40.5
36.75
35.5
28
30.25
33.5
39.5
38.63
38.75
36.25
36
38
37.75
37.25
36.25
37.25
38.75
37.25
36.75
35
36.25
34.5
35.5
36.25
37
36.5
35
33
33.25
32.5
30.5
30.75
33
34.5
35
34.75
34
37.25
37.5
39.25
39.25
40.5
41.75
41.5
42.25
42.63
40.25
42.13
43.38
42
44.75
44.63
43.75
44.5
40
42.5
42
42.25
42.25
42.88
42.75
42.75
39.75
40.13
39.25
40.88
39.75
39.75
41.25
41.5
41.75
41.25
39.5
39.75
38.63
38.75
39.75
41
40.63
41
41.25
41.88
41.75
41.75
43.25
42.75
42.25
41.75
41.75
43
43.25
44.75
46.5
46.88
46.88
46.25
46.75
45.25
45.75
46.25
45
46.13
45
44.75
43.88
44
42.5
40.88
40.13
41.5
41
39.5
40
38.75
39.25
41.75
40.75
41
41.5
41.75
41.25
39.5
39.5
40
40.25
39.75
39.5
40.13
40.88
41.5
41.75
41.38
41
41
41.75
42
41.75
41.25
40.75
40.88
39.5
39.75
40.5
41.25
40.5
39.75
39
38.75
38
38.88
38.5
39.38
39.75
41.5
42.5
41.75
43
44
44
45
43.5
44.5
45
45.25
45.75
44.5
44.75
44.13
44.88
45.63
45
45
44.5
46.25
46.38
46.25
46.5
47.25
46.5
45.88
45.25
45.13
44.75
44.75
45
45
45.5
44.75
44.25
43
42.5
42.75
42.75
42.75
42.63
44.38
45
44.63
44.75
44.63
44.25
44
43.5
41.88
43.25
42.5
41.25
42.5
42
42.5
40.75
39.75
39.5
40.75
40.13
40.25
40.88
40.88
39.88
38.88
39.75
38.88
38.25
38.75
40.5
41
41
42
41.63
42.25
41.75
41.5
42.75
44
43.75
42.75
43.38
43.5
44
43.25
42.5
41.5
40.88
39.75
39.75
38.5
39
38.75
39
38.75
38.5
39.38
40
41.5
41
40
39.88
39.25
39
38.5
38.63
38
37.25
37.13
37.75
37.5
38.5
39.25
39.5
38.5
38.88
39
38
38.25
38
36.63
36.13
36.88
36.5
36.5
36.75
37.63
38.75
39.25
39.5
39.5
39.38
39.13
39.13
38.5
38.75
39.75
39.5
40.13
40.75
41
41.75
41
41.13
40.5
40.25
40.5
40.25
40.38
42
42.25
42.63
43
42.63
42.13
42.75
43.25
43.75
40.38
39.75
40.5
41
41
41.63
41.5
41.75
37.63
37.38
37.75
39.25
39.75
39.25
38.5
39
38.25
38.25
37.25
37
35.75
36.25
36.38
36.75
37.5
36.75
36.75
36
36.5
36.25
36
35
34.75
35.5
35.75
35.25
34.5
35
35
35.25
35
35.25
34.88
34.88
34.88
33.88
34.38
33.75
34
34.25
34.75
35.63
35
34.5
35
36
37.38
37
37.75
38.5
38.5
38.75
39.25
40.13
40.88
40.75
40.13
40.13
40
39.75
39.38
39
39
39.88
40.25
41
41.5
42.25
42.5
43.25
43.88
45
46
45.38
45.25
44.75
45.75
46
45.5
47.75
48.25
48.5
47.5
47.75
48.75
49
47
46.75
48.25
47.63
47
47.5
48.5
49.63
47.5
44.5
44
43
42.5
43.25
43.88
43.5
42.63
41.75
40.63
41.25
40.75
40.5
41.25
41.25
40.5
39.75
40
40.63
40.75
40.75
39.25
40.5
40
40
39.25
38.75
38.25
39.25
39.38
39.75
39.88
40.5
41.25
42.75
43.75
44.13
44
43.25
41.88
40.75
41.38
40.38
41
42.25
42.25
42.88
43.75
44.13
44.75
44.75
44.13
44.5
44.5
44.63
44.75
44.75
44.75
45
45.75
46
45
44.75
45
44
43.25
44.63
44.75
44.88
45.25
45.25
44.75
45.5
44.5
44.38
43.63
44.25
45.5
48.13
49.5
49.5
48.88
48.75
45.75
46.75
47.25
48.25
48.75
48
46.75
47.63
46.5
45.25
45.25
45.75
46.5
46.13
44
43.25
43.25
44
45
46
46.75
46.5
44.75
44.25
44.75
44.75
45.25
45.25
44.75
44.75
44
44.13
44
44.25
44
45.25
45
42.75
42.75
41.75
39.25
36
36
34.88
33.75
34.75
35
35.75
36.25
36.5
35.5
35.13
34.63
35.25
37.25
37.5
37.63
37.75
38
37.63
36
34.5
34.5
34.25
34.88
33.25
32.38
34.25
33.25
33.75
34
34.13
32.75
33.25
34
34
33.63
34.25
35
34.75
33.25
33
34.25
34
34.5
34.25
34.25
33.75
33.5
34
33
33.25
34
33.5
34
34.25
33.75
34.5
35.25
35.38
36.75
36.88
36.63
36.88
37
36.75
40.25
42.38
41.38
41.63
40.75
42.25
42.25
42
41.25
41.13
40.25
40.25
41.75
41.25
40.25
39.88
41.13
41.25
42.5
43.25
43.75
43.25
43.25
40.25
40.25
39.75
38.75
38.75
38.88
39.13
39.38
39.63
39.75
40
40
41.5
41.75
41.88
41.38
42.63
41.75
41.75
41.63
41.5
39.75
39.5
41.38
42
42
40
41
41.38
41.25
40.75
40.75
39.5
39.5
39
38.25
39
40.5
39.75
39.75
39.5
39.25
39.63
40
41.88
41.5
41.25
40.63
41.5
43
44.75
44
44
43.5
44.75
46.63
47
47
47.38
46.75
45.63
44.25
44.63
41.75
41
41.5
42.13
42.25
41.38
41.38
42.38
42
42.38
43.5
41.25
39.5
39.5
40.13
39.5
38.75
39.88
39.75
39.25
38.5
36.5
36.75
36.25
35.13
34.5
35.5
37.75
38.13
37.25
36.25
37
37
36
35.75
36.38
35.75
34
34
33.75
34
33.75
33.38
32.5
31.62
31.5
30.25
30
29.75
28.25
29
30.5
29.62
27
28
28
29.12
28
26.5
27.75
28.25
27.75
25
26.5
28.5
31.37
31.12
31
30.5
30
30
29.87
30.37
30.75
30.5
31.75
33.25
33.5
33.25
34.5
35.5
36.25
36
37
36
35.13
36.38
35.5
36.13
36.38
36.75
37.5
36.75
36.75
36.75
38.13
38.5
40.13
41.25
42.5
41.75
40
39.63
40.75
39.88
40.13
42.25
41.88
44
45
44
43.75
43.5
43
43
43.5
43
43.25
43.25
43.25
45.25
47.13
47
46.25
46.75
49.75
51.25
50.25
50.75
51.25
51.75
52.13
53.5
54.5
53.75
55.5
55.5
55.75
55.25
57.75
56.88
57.75
59.88
61.38
60
60
57.13
57.63
60
61
59
59.75
58
58.25
58.25
57.25
57.75
58.38
63.13
63
67.25
65
63.5
62.88
66.25
65.25
66.25
67.75
69.5
67.75
64.75
63.25
64.5
70
69.25
68
68.5
72.75
70
71.5
69.37
70
68.75
66.87
71
71.75
62.25
64.25
63.25
61
59.63
61.5
61.5
60.75
58.5
58.63
58.25
55
47.25
49
49
50.25
50.63
49.75
50.75
51.25
52.75
53.5
50.5
49
47
44.25
45.25
46.25
45.13
45.88
46
47
47.63
47
49.25
49.13
48
46.63
46.13
46
44.63
42.38
42.13
41.13
42
42.13
41.75
42
42
41.75
42.38
43
42.5
41.5
42.5
42.25
43.13
45.63
46.75
46.88
47.25
46.75
46.75
45.5
43.75
42.5
44.88
46
46
45
45
45.25
44.88
45.5
46.5
46.25
49.13
50
48.5
49.5
50.38
50.5
50.75
51.75
53.5
54.88
53.25
53.25
50.5
51
53.75
54.25
53
53
54
53.25
53
53
52.5
51.5
51
51.5
53.25
50.13
50.5
50.63
48.63
47.25
49
50.13
49.75
50.63
49.5
50.25
50.5
50
49
49.5
50.75
49.75
47.75
48.25
48.13
48.25
48
47.75
48.5
49.88
52.5
53.5
52.38
55
54.75
54.5
53.13
52.13
51.25
51.5
51.75
49.75
51.5
51
49.75
48.75
48
49.75
53.25
53.75
54.5
54.13
54.75
50
52.13
51.25
50.5
51
51.25
51.25
51.5
51
50.75
51.75
50.5
50.5
50
48.75
49.13
49.13
49
49.38
50.38
50.5
50.5
51.75
50.75
50.25
51.5
52.25
54.88
55
56.75
56.38
59.5
59
58
59.13
60.5
62.25
62.25
62
64.5
63.5
62.75
64.75
64
61.13
63.5
64.5
64.62
64.5
65.25
63.25
63.75
64.75
65.75
65.75
66.12
64.12
64
63.13
62.88
65.25
64.25
64.12
62.75
62
64.62
65
66.12
68.5
69.87
68.5
67.5
67.25
66.37
65
63.5
64
63.75
63.75
63.25
62.75
63.13
63.38
62.88
63.75
63
63.25
63
65
64.5
64
61
58.13
58.25
59
58.75
59
60.75
57.25
55.88
57.25
55.5
56.5
58.75
60.5
59
56.75
56.25
57.63
57
56.5
55.75
54.25
57
60.13
59.25
60.5
60.5
61.75
60.75
62
62.25
62.25
62.75
61.38
60.63
60.38
59.38
60
59.13
59.5
59.25
60.25
59.5
59.75
57.5
56.5
54.13
54.5
54.88
54.25
54
53.75
53.88
54.63
52.63
49.25
47.5
45.25
44.75
44.25
45.25
46
45.63
45.25
46.75
48
49
46.25
46.25
44.25
45.75
45.88
45.75
47
47.5
48
48.75
45
44.75
45.75
44.25
44.75
45.88
45.25
46.5
47.25
47.25
46.75
45.75
45.5
44.75
44
43.38
44.13
43.5
44.13
44.75
44.75
44.75
44.75
44.5
44.75
44.63
43.25
44.38
44.25
44.5
45
46
46.5
48.5
47.75
47.25
47.75
49
49.25
47.63
49.5
48.25
47
46
46.5
46.5
45.75
47.5
46.25
45.5
44.75
44.88
45.13
44.25
43.75
43.5
44.75
43.75
43.5
43.38
44
45.38
46
45.5
49
49
49.13
48.5
48.75
48.75
51.5
51.5
52.25
53.25
52.5
52.25
52
52.5
55
55.75
55.25
56.25
56.75
56.88
56.25
57.38
55.25
57.75
58.25
57.5
56.75
57.5
56.5
56.5
57.5
58.25
57.25
57.5
56.88
57.75
58.13
57.63
57.25
57.5
57.25
56.38
55
56.88
58.25
59.63
60.63
59.75
59
59.5
59.63
58.75
59.75
58.25
59.25
61.75
61
62.25
64.12
61.5
63.5
65
60.25
59.5
59.75
60
60
59.5
60
60.75
60.25
59.88
59.5
61.25
60.25
60
59.5
57.25
56.5
56.88
55.75
55.13
53.88
53
53.88
55
55
55.13
54.25
53.63
54.75
53
53.25
54.25
54.63
55
55
56.5
56.75
56.75
56.88
56.25
57
56.5
55.13
54.5
53.75
53.25
52.75
53.75
54.75
53.25
51
52.25
51.5
51.75
50.13
50
48.75
50.5
49.75
50
48.5
48.75
47.25
48.13
48.5
50
49.63
50
49.25
49
50.25
51.38
50.75
51.25
51.88
53.38
54.5
53.75
54.75
55
54.5
53.25
55.5
55.5
55.75
55.5
57.25
58.75
57.5
57.63
56.38
57.75
57.5
56.63
57
57
56.38
54.88
50.75
49.5
44.25
44.5
43.75
44.63
42
42.25
41.25
41
39.63
41.38
40.5
41.75
40
40.13
39
39.5
38
38.5
37.75
36.5
36.5
36.75
38
37.25
37.25
35.75
27.5
25.62
26.87
26.25
26.5
26.25
26.87
26.5
26.87
27.25
27.75
28.5
29
30.25
29.5
29.25
29.75
28.5
27.5
26.5
27.37
27.5
28.37
28.5
27.5
28
28.37
28
27.25
26.87
26.5
26
26.5
26.12
25.75
25.75
26.25
26.75
26
26.25
25.25
24.25
24.5
24.75
25.25
24.87
24.5
25.5
24.75
25
24.75
24.75
23.87
23.37
22.75
22.75
23.5
23.62
23
22.62
23.75
24
24
23.75
28.25
28.37
27.75
27.75
30.25
30.25
30
29.75
31.75
31
30.75
31.5
32.75
31.62
32.25
31.87
30.75
30.12
30.75
31.37
31.75
32
34
33.5
33.5
33
32.5
33
33
32.63
31.75
31.5
31.5
31.75
31.5
32.25
32.25
31.87
30
28.25
29.5
29.12
29.75
29.37
29.5
28.5
27.5
28
27.25
28.5
29.12
28.5
29.75
29.25
29.87
31.5
33.75
32.75
33.13
33.63
31.87
30.5
30.62
31
30.37
29.37
29.25
29.87
33.38
35
33.88
33.5
34.13
34
32.75
33.25
33
33.5
33.5
36.5
35.75
36.25
36.5
37
37
37.13
36.75
37
36.25
37.25
37.25
36.63
36
36.5
36.25
35.63
35.75
36.75
37.88
37
37.5
37.25
37.25
38.13
37.63
36.75
36.5
36.38
35.5
35
35.13
34.63
32.75
33.25
32.75
32.5
33.25
33.25
33.5
33.5
33.38
33.5
33.5
32
31.75
31.5
30.25
29.62
29
28.25
29.62
29.75
31
31.25
30.25
30
31
30.25
33
32.88
32.31
31.25
31
30.25
29.69
30
29.5
29.37
30.62
32.13
31.06
30.5
30.75
31.25
30.5
29.94
29.25
28.25
27.37
27.62
27.37
27.5
26.12
27
26.5
27
27.06
27.81
26.37
26.5
27.12
26
26.25
25.12
25.61
26.25
26.75
26.12
26.5
25.75
26.5
26.12
26.81
27.06
27
28.37
29.69
28.62
28.25
28.37
27.69
26.62
28
31
31.69
31.37
31.06
31.87
33.69
33.38
32.56
33.13
33.25
33.25
33.75
33.63
34.63
34.31
34.75
34.63
34.75
35
34.63
34.88
34.88
35
34.88
35.06
35.75
35.38
36.25
36.19
35
35.38
35.56
36.13
36.13
35.75
35.75
35.81
35.13
36
36.38
35.5
34.56
34.13
33.88
33.94
33.94
33.88
33.88
34.13
33.69
33.13
33.75
37.88
36.25
37
38.88
39.63
42.13
41.13
41.13
39.75
41.25
41.25
41
42.63
42.25
42.63
43.25
42.75
42.13
43.19
43.13
41.38
41.5
40.38
40.75
42.25
41.63
41.31
41.13
42.5
41.38
40.94
40
40
38.13
37.38
36.88
37.75
37.81
38.25
37.25
36.19
36.56
37.19
37.56
36.63
35.88
36.25
36.5
36.38
37.88
37.13
37.25
39.13
38.5
38.38
38.63
38.88
39.13
39.13
39.5
39
38.38
39.38
38.88
42
41.2
43.69
46.75
45.38
44.88
44.5
45
45.63
45.88
42.63
42.25
41.63
40.98
39.5
39.88
40.13
40.38
40.13
41.63
40.5
40.5
40.81
42.31
43.63
43.75
43.75
42.94
42.56
43.19
42.5
41
40.81
40.19
39
38.25
39.5
40
40
40.25
39.75
38.31
39.56
39.75
39.5
38.13
35
35
35.25
35.13
35.25
36.25
38.06
37.13
37.75
37.19
34.38
34.38
35.38
35.25
35.5
33.88
34.75
36.75
36.75
36.63
37.75
39
38.25
38.38
37.5
36.38
37.63
39.13
39
37.75
38.25
37.88
38.25
38.25
38.13
38.13
38.5
38.88
40.5
41.25
41.44
41
43.63
43.63
43.75
44
43.38
42.75
44.13
43.88
43.5
43.38
42.69
42
41.56
42.19
42.13
43.5
44
43.13
42.94
43.5
44.17
44
43.63
43.63
43.88
44.38
47.38
49.38
49.13
48.75
48.13
46.38
46.63
47.25
46.44
46.94
46.5
47
48.63
48.63
47.13
47
47.63
48.75
49
48.13
45.5
47.06
43.75
45.38
45.75
45.38
46.81
45.5
45
43.5
44.38
45
44.25
43.38
42.5
43.13
42.75
43.06
43.38
44.06
44.5
44.63
44.88
44.13
44.75
45.5
45.75
44.75
43
43.13
43.38
43
42.94
43.5
43.75
44.75
44.75
44.25
42.94
42.38
40
35.88
36.69
36.75
36.63
37
37.06
37.52
37.38
36.25
37.75
37.25
37.63
37.63
36.38
36.5
35.69
34.81
34.69
34.88
35.31
36
36.13
36.63
37.38
34.75
35.13
35.13
35.13
34.75
34.88
34.75
35.25
36.31
36.63
36.63
36.5
38.13
39.63
38.88
39.38
39.75
40.88
41.5
41
39.94
40.13
38.63
38.63
38.63
40.19
39.38
40
39.25
38.13
37.63
39.5
39.5
38.75
38.56
39.38
38.63
38
38.38
38.25
35.25
32.25
32.75
32.63
32.5
32.25
32.06
32.38
32
31.87
32.13
32.13
31.56
34.25
34.63
32.75
34.25
35
33.88
34.13
34.56
34
31.94
29.87
30.5
31.62
32.25
30.25
30.62
29.12
27.31
27.62
28.37
29.25
29.25
29.62
28.25
27.87
27.75
28.37
28.12
27.62
28
27.5
29
29.62
29.87
29.87
29.5
28.62
27.75
27.5
26.87
26.25
26.62
26.19
25.81
26
25.87
25.81
25.75
25.62
25.87
26.12
25.75
25.25
25.12
25.37
24
23.87
25.25
24.19
24.56
25.5
25
24.56
24.12
24.37
26
26
25.75
25.5
25.75
25.87
25.25
24.75
25.06
25.12
24.75
24.25
24.87
24.75
24.75
24.37
24.37
23.75
23.87
25.62
26.87
26.75
26.12
27.25
27.06
27.5
28.5
28.37
27.62
27.94
27.12
26.06
26.25
26.75
26.37
24.87
25.5
26.12
24.75
24.19
25.12
24.25
24.37
24.12
24
24.25
24.62
23.94
23.62
22.75
23.12
22.75
22.62
22.25
20.62
19.87
20.62
21
21.5
21
19.37
19.5
19.12
19
18.75
17.87
18.06
17.19
16.87
16.87
20.87
20.75
20.25
20.5
20.81
21
22
22.25
21.37
22
21.25
21.62
21
21.5
22.37
22.12
23.12
23
22.5
22.75
22.25
22.5
23.62
23.5
23
23.25
23.87
24.12
24.86
24.87
24.5
24.25
24.12
24.12
22.87
23
22
21.5
21.12
20.37
21
22.37
23
23.5
23.37
22.87
22.37
22.5
22.37
22.37
22.31
22.19
24.62
23.62
22.37
22.81
23.12
23.25
23
24.19
24.25
25.25
25.25
25.75
26.37
26.56
25.62
24.87
24.75
24.75
24.5
24.5
23.25
22.87
23
24.25
24.37
25.5
25.5
25.87
26.25
26
25.25
25.56
25.62
25
24.75
24.87
25
24.5
25.25
25
24.25
24.5
24.12
25.12
25.12
25
25
25.12
25
24.5
24
23.87
23.25
22.62
22.5
23.12
22.25
23.5
23.25
23.12
23
23.12
21.75
20.87
21
21.75
17.87
17.5
17.62
17.75
18.25
18.12
17.87
17.25
16.75
16.75
16.94
17.25
17.19
17.25
16.87
16.62
16.62
16.62
16.75
16.62
16.31
15.38
15.25
16
15.81
15.63
15.69
15.75
16.12
16.31
17.87
17.62
17
16.37
16.62
16.87
17.12
17
16.25
16.12
16.5
17
16.62
16.5
16.62
16.37
16.25
16.37
16.56
16.5
16.25
16.12
17.25
16.62
16.5
16.5
16.75
18.62
18.25
17.5
18
18.87
19.25
19.5
19.12
19
18.87
18.25
18.75
18.44
18.56
19
18.37
18
18.5
18.12
17.87
17.5
17.62
17.69
17
17
17
17
16.87
16.5
17
17.06
17.56
17.56
17.69
17.75
17.25
17
17.25
16.87
16.62
16.87
17.25
17
16.62
16.62
16.94
16.69
16.62
16.69
16.75
16.62
16.25
16.31
16.06
15.81
15.5
16.34
15.94
15.75
15.56
15.38
15.31
15.13
14.69
14.69
14.25
13.19
13.06
13.69
13.81
13.75
13.69
13.25
15.19
15.63
15.94
16.44
17.5
17.34
16.16
16.56
16.12
15.81
16.25
16.44
16.5
17.37
17.5
19.19
19.75
19.75
26.31
29.19
26.81
24.56
22.06
23.62
23
23.25
23.62
24.44
24.62
24
23.62
23.06
22.25
22.69
22
21.75
22.37
22.5
22.5
22.19
21.5
21.81
22.94
22.37
22.06
21.5
21.94
21.81
22.31
21.94
22.81
21.75
21.5
21.12
21.31
22.06
21.69
21.53
21.94
22.12
21.94
21.81
21.5
21.75
22.69
22.69
22.69
23.81
21.5
20.12
18.69
19.06
18.56
17.75
16.56
16.75
18.12
17.5
16.5
17.03
17.37
17.94
18.37
19
19.75
18.69
18.37
17.62
18
18.44
18.5
18.06
18.25
18.5
18.19
17.62
17.37
17.5
17.75
17.75
15.88
15.75
15.63
15.81
15.56
15.25
14.75
14.56
14.13
13.94
14.31
13.94
13.81
13.69
13.31
12.94
13.13
13.31
13.13
13.19
13.13
16.25
15.88
18.94
17.5
18.19
18.19
18.25
19.5
19.75
19.19
18.81
19.06
18.91
19.25
19.5
19.44
19.12
19.19
18.5
18.31
17.69
18.31
18.25
18.31
18.5
19.19
19.44
19
19.37
19.5
19.62
20.56
20.44
20
21.25
21.31
22.31
23.5
23.62
22.75
23.12
24.44
24.06
24.44
22.75
24.06
26.12
27
27.12
26.69
26.34
26.94
26.75
26.37
26.12
28
27.16
26.56
26.94
27.44
27.5
27.5
27.31
27.06
26.25
25.5
25
25.62
26.44
26.94
27.44
28.62
27.94
29
29
27.5
27.69
27.94
27.75
26.94
27
27.37
28
29.06
29.69
30.31
30.19
30.44
30.94
30.12
30.44
30.06
29.56
28.5
29.37
29.56
28.87
27.87
26.69
26.75
27.44
26.62
26.25
26.87
26.31
26.81
26.87
27.25
28.25
28.06
27.81
28.12
27.5
28
28.12
27.31
27.06
27.37
27.81
28.25
28.56
28.19
28.69
28.69
29.94
29
30.37
30.5
32.56
31.69
32.06
33.94
33.44
34.44
37.5
36.88
36.25
35.63
35
34.94
34.69
34.44
33.63
35.13
36.5
34.63
35.13
34.19
36
36.88
36.5
37.94
39
40.06
39.44
40.5
41.94
42.56
41
40.63
43
41.19
40.81
40.38
37.5
34.19
31.19
34.13
35.56
34.63
35.13
38.25
37.38
38.13
37.63
37.19
38.19
37.31
36
36.75
36.94
37
38.31
38.5
38.75
39.06
39.5
38.13
35.69
35.06
32.19
32.56
31.94
30.81
35.13
37.44
38.75
37.38
36.63
36.69
37.5
36.06
37.13
36.75
35.5
37.44
35.25
36.81
36.44
37.13
37.63
37.81
38.69
38.19
38.06
36.63
35.13
33.56
34
35.69
36
34.81
35.44
35.75
35.31
36.25
35.94
35.13
35.06
31.94
34.13
36
33.69
32.75
33.75
32.06
32
32
33.75
32.5
33.56
32.81
33.44
35.19
35.06
38
39.81
39.25
40.88
40.81
40.06
40.94
41.25
43.31
41.75
45
45
45.88
46.13
46.5
41.38
41.31
40.88
40.56
38.81
38.75
39.38
40.5
40.13
40.88
41.19
40.94
39.19
40.19
37.88
36.31
37.75
37.19
38.31
39.63
37.69
38.31
37
36
37.19
38.44
38.44
37.44
36.94
34.81
33.75
34.63
34.19
33.44
33.19
34.38
34.13
32.56
32.19
33.19
34.06
35.5
34.06
35.5
33.5
35.06
33
33.69
33.81
33.25
35.38
35.88
35.94
36.06
37.06
38
37.13
36.88
36.75
36.25
34.63
35.53
35.75
35.44
33.88
34.06
34.38
36.38
39.19
40.94
45.75
44.06
43
46
49.56
46.5
47
44.5
45.88
45.25
44.75
46.5
46.19
44.38
44.38
45.25
45.19
42.5
43.94
41.94
41.5
44.06
43.5
44.06
44.81
46.56
47.44
48.13
48.94
47.69
48.44
48.13
46.44
45.44
46.06
47.94
46.38
47.13
46.5
45.38
43.69
42.31
42.19
42.56
45.38
46.31
45.31
46.31
47.38
49.88
54.5
55.63
54.5
53.69
55.94
53.25
53.06
54.44
52.88
54.06
52.38
53.31
50.94
53.69
54.38
53.88
55.69
55.75
55.25
53.81
54.75
54.13
54.44
55.38
59.69
60
60.06
60.5
60.31
60.13
58.75
59.19
60.75
60.38
61.38
62.13
64.75
62.06
65.25
68.62
70.56
73.5
76.37
74.5
75.56
77.44
75
77.81
75.37
76.81
76.94
79.06
69.25
70.31
63.31
64.94
61.31
59.63
59.06
63.31
61.72
64.56
67.94
67.19
66.37
65.56
66.69
67.69
64.03
73.19
74.56
73.25
68.5
75.12
76.12
73.94
74.5
75.06
76.37
77.87
80.12
77.62
80.25
81.5
83.62
88.31
96.37
89.62
91.44
92.25
90.62
89.44
91.19
90.25
89.62
92.44
90.62
92.81
94.69
95.06
94.56
97.87
103.06
110.19
115
116
117.81
110.06
105.25
103
99
94.87
97
98.31
100
98
102.5
99.94
103.5
99.31
98.19
100.69
100.31
102.81
111.94
102.5
104
95
99.5
97.75
92.75
87.19
96.75
100.44
103.94
106.56
113.5
111.31
106.25
112.25
110.19
110
101.62
103.75
100.25
98.81
103.31
108
114.06
114.87
112.62
113.5
108.75
115.81
119
114.12
114.87
111.25
113.81
116.25
115.2
110.37
113.25
114.62
130.31
122
128
125.69
122.87
122
122.25
125.75
121.31
114.25
116.25
121.56
125
123
134.94
144.19
141.31
138.69
139.56
139.13
135.94
125.75
135.81
133.31
127.31
130.38
125.19
131.75
125
119.44
109.25
113.81
111.87
123.87
126.87
121.12
118.87
120.5
128.31
121.31
126.75
124.06
124.31
117.87
115.06
110.69
113.12
110.12
105.44
99.31
102.81
107.62
101
105.69
101.37
100.75
94
89.94
85.81
87.69
87.27
86.37
87.56
84
89.12
92.56
91.31
92.87
96.56
94.81
95.75
91.19
94.5
90.44
92.37
91.19
96.62
101.25
55.63
53.75
51.69
54.13
51.75
54.44
51.25
52.38
53.31
51.63
51.81
54.44
57.13
56.94
58.88
56.5
57.69
58.31
57.25
52.69
55.13
53.56
48.69
50.06
50.06
52
48.31
50.81
49.31
47.25
48
47.38
47.94
46.75
47.5
47.56
47.69
47.06
46.69
48.5
51.44
50
50.5
51.69
54.31
56.11
56.81
58.06
59.19
59.5
60.94
63.44
62.44
58.44
62
58.88
58.44
57.75
58
56.86
55.23
60.66
59.94
61.05
56.69
52.19
53.5
51.44
48.94
53.5
25.75
24.25
22.31
23.62
22.06
22.19
21.75
20.87
19.62
20
22.06
21.5
20.12
20.12
18.94
19.5
20.37
18.87
18.5
18.5
18.56
19.31
19.56
20.5
22.31
22.25
21.44
21.31
20.06
20.19
19.06
19.37
20.25
19.87
19
18.5
18.94
18.81
18.5
19.31
18.69
18.03
17.56
16.5
17.06
16.69
17
14.31
14.31
15.06
15.19
15.38
15
14.44
14.06
14.25
14
14.38
14.06
15
14.69
14.81
14.81
14.88
14.88
16.37
17.06
16.37
16.56
17.19
16.56
18
17.19
17.12
16.81
18.69
19.5
19.25
20.5
20.5
19.94
19.56
21.69
21.75
21.62
21.12
20.62
20.19
21.12
20.75
20.75
19.12
19.69
19.12
19.5
20.06
19
18.31
18.87
18.81
18.81
19.5
19.37
18.25
18.75
19.25
20.37
21.5
21.25
20.81
20.25
18.62
19.56
20.44
19.69
19.62
20.56
19.69
20.12
21.62
23
21.78
22.87
22.17
22.53
22.07
21.59
20.24
19.5
20.87
20.59
20.54
22.04
21.8
22.42
21.44
20.4
22.79
25.72
25.04
24.25
24.03
24.72
24.69
26.2
25.49
25.93
26.59
24.96
25.75
24.96
24.57
23.98
23
22.85
23.29
23.18
24.1
23.55
23.53
23.56
23.5
23.23
23.2
22.76
21.47
19.78
19.95
20.89
20.66
20.94
20.73
21.66
21.32
20.04
20.31
20.47
19.88
20.44
20.33
20.19
21.67
22.49
22.26
23.99
23.75
23.34
23.54
23.25
23.9
23.84
23.19
22.03
22.7
21.14
22.54
24.36
24.85
23.96
25.1
20.79
19.96
19.98
19.54
19.09
18.47
18.59
18.96
18.93
18.79
19.06
19.82
19.5
19.13
19.25
18.9
19.05
19.02
19.09
18.73
18.44
18.65
18.07
18.12
17.92
18.21
17.81
18.57
18.92
18.4
17.83
17.83
18.55
18.25
18.55
17.72
17.28
17.37
16.99
16.28
17.02
15.68
15.73
16.45
15.54
15.15
15.51
15.51
15.54
15.05
14.98
15.88
16.14
16.2
16
16.82
17.74
18.01
17.99
18.01
16.99
18
18.3
19.02
18.14
18.95
19.19
18.67
17.63
17.6
17.56
18.59
18.57
19.07
19.57
19.59
18.71
18.71
18.75
19.37
19.61
19.45
18.97
20
19.53
19.68
19.84
21.37
21
20.53
20.42
21.3
21.05
22.4
23.76
22.78
22.54
22.54
21.78
21.49
21
20.39
20.62
21.01
21.62
20.67
21
21.36
21.49
22.07
22.43
21.9
23.3
23.58
23.69
22.9
22.61
21.65
21.23
21.05
21.15
21.7
20.78
22.48
22.17
21.82
23.02
23.21
23.25
23.27
23.07
24.09
24.72
24.41
25.35
25.45
24.67
24.3
24.03
24.98
24.71
25.01
24.6
23.9
22.62
23.13
21.5
22.74
23.81
23.67
21.96
21.7
23.45
24.29
23.53
24.07
24.38
24.66
25.06
24.72
24.49
24.43
24.95
24.74
24.85
24.92
24.27
24.09
23.35
23.46
23.47
23.67
24.46
24.07
23.75
24.9
24.74
24.56
24.1
24.66
24.86
25.06
25
25.74
26.11
25.41
24.98
24.53
24.25
23.77
24.12
23.01
23.96
24.27
23.98
23.69
23.51
22.65
22.47
24.37
24.19
23.32
23.94
25.61
25.28
25.21
25.01
24.74
23.46
24.32
25.18
24.15
23.98
23.98
24.2
23.3
22.91
22.78
22.72
22.16
21.4
21.48
20.46
20.09
19.54
20.1
20.54
20.15
17.12
17.11
16.85
17.27
17.14
16.55
17.06
17.72
17.06
16.94
17.55
18.74
18.01
17.53
17.32
18.3
17.51
18.23
17.86
15.63
14.99
14.96
14.92
14.47
15.2
14.36
14.34
15.02
15.43
15.26
14.8
14.45
13.99
14.74
15.03
15.3
15
14.99
14.59
15.17
15.61
15.81
15.98
15.91
16.12
15.97
15.73
15.53
14.85
14.7
14.7
14.75
14.05
14.48
14.18
14.38
14.37
14.33
14.29
14.14
14.17
14.5
14.8
15.02
14.58
14.87
14.85
14.64
14.93
14.7
14.72
14.5
14.51
14.17
14.3
14.03
13.77
13.68
13.59
14.11
14.51
14.77
15.16
14.56
14.11
14.34
14.56
14.7
14.88
14.69
15.42
15.61
15.44
15.98
16.07
16.36
16.89
16.9
17.22
16
15.84
15.16
15.64
15.59
16.3
15.95
15.65
15.27
15.53
16.35
16.01
15.97
15.41
15.72
15.5
15.18
15.16
14.97
14.63
14.95
14.75
15.28
15.49
15.19
14.79
14.85
15.08
14.57
14.2
14.14
14.49
14.36
14.4
14.06
14.07
14.33
14.8
14.9
14.9
14.85
14.55
14.68
14.72
14.63
14.61
14.43
14.62
14.1
14.02
13.88
14.17
13.8
14.13
14.58
14.93
14.32
14.36
14.66
14.6
14.45
14.43
14.15
14.35
14.35
14.39
14.54
14.67
15.27
14.85
14.77
15
14.74
15.02
14.5
14.86
15.01
14.65
14.56
14.62
14.56
14.53
14.37
14.23
14.22
14.72
14.78
15.01
15
14.95
14.91
15
14.37
14.55
14.41
14.49
14.57
14.14
14.16
14.6
14.46
14.41
14.49
14.45
14.19
14.37
13.2
13.58
13.39
13.24
13.12
13.14
13.51
13.58
13.44
13.35
13.86
14.06
14.22
14.36
14.45
16.09
17.5
17.65
18
18.3
18.56
18.67
18.55
18.73
18.8
18.1
17.79
17.85
18.24
18.32
18.88
18.28
18.1
17.95
17.45
17.31
17.6
17.64
17.15
16.79
17.18
17.45
17.77
17.42
18.27
18.19
19.12
19.14
19.2
19.06
18.78
19.09
19.29
18.73
19.06
19.09
19.27
19.13
19.87
20.4
19.89
19.58
19.85
19.9
19.61
19.87
20.9
20.86
20.61
20.8
20.79
20.51
21.54
20.99
20.72
20.28
21.08
20.73
21.21
20.38
19.63
19.93
19.64
19.66
19.7
20.18
19.97
19.71
20.34
20.32
21.01
21.68
20.88
20.86
21.05
21.48
22.19
22.61
22.85
22.95
22.83
22.5
22.74
22.37
22.18
22.56
23.1
22.21
22.36
22.12
22.88
22.58
22.08
22.43
21.32
20.43
20.69
21.3
20.72
20.79
20.57
21.69
22.29
23.22
23.06
23.45
23.68
24.35
24.55
24.82
23.25
22.75
23.22
23.18
22.76
22.99
22.6
22.6
23.72
23.69
23.09
22.89
23.15
22.91
23.03
23.12
22.5
21.9
21.54
22.33
22.42
21.46
21.13
20.41
20.42
20.38
20.28
21.15
20.68
20.72
20.91
21.71
21.54
21.03
21.15
20.85
21.05
20.45
20.38
21.21
20.89
20.17
20.12
19.88
20.04
19.7
19.85
19.81
20.41
20.78
21.15
21.28
21.37
21.28
22.17
22.09
22.59
23.36
23
23.73
24.12
24.2
22.85
22.72
22.73
22.61
22.18
22.56
23.01
23.07
22.52
22.68
22.56
22.32
22.26
21.79
22.42
22.71
22.67
22.98
23.8
23.73
23
23.16
23.26
22.47
22.4
22.19
22.36
22.81
23.04
23.92
24.02
23.81
23.92
25.16
26.74
26
27.1
27.68
27.15
27.56
26.45
25.82
26.19
25.67
25.86
25.86
25.29
25.5
26.87
27.04
27.91
27.92
27.04
27.11
27.5
28.32
27.83
27.31
27.53
28.04
26.93
26.64
29.3
29.18
28.35
27.73
27.73
27.78
27.7
27.13
26.94
26.45
26.77
25.78
26.07
26.14
26.65
26.58
26.67
26.28
27.14
27.3
27.19
27.06
26.64
27.06
26.47
26.71
27.11
27.34
28.41
28.51
28.17
28.06
28.06
28.92
28.4
28.78
29.81
30.35
30.2
30.74
30.12
30.69
32.74
32.81
32.91
32.33
33
33.7
33.18
33.7
32.49
32.5
32.54
32.3
31.08
30.95
30.39
30.14
30.03
29.14
29.22
29.58
32.93
32.2
31.97
32.2
31.62
31.68
30.7
31.26
32.43
32.27
32.64
32.34
31.58
31.29
31.79
31.39
29.78
30.3
31.52
31.01
30.37
30.84
30.78
30.87
31.74
30.71
30.8
31.08
31.95
33.05
34.66
34.35
34.12
34.49
35.86
35.66
35.23
35.76
36.35
35.7
35.87
35.59
35.49
35.2
36.35
37.14
37.71
38.01
36.92
37.27
37.29
37.53
38.04
38.68
38.75
38.67
38.79
39.37
40.64
39.62
39.06
38.59
38.29
39.75
44.98
45.5
47.75
47.42
47.47
47.94
47.41
47.55
47.97
50.3
52.19
52.4
52.45
53.5
55.31
54.45
54.72
54.38
54.05
54.75
55.3
55.5
55.24
54.94
54.9
55.39
55.17
61.35
61.27
64.05
64.55
68.44
67.05
67.79
65.21
62.68
65.78
62.89
63.28
63.99
65.15
64.91
65.29
65.26
66.6
64.99
62.72
63.69
63.75
64.01
63.16
64.18
64.44
64.8
64.4
63.29
63.94
64.5
64.55
69.25
68.96
64.56
65.46
69.8
70.2
70.65
69.88
70.46
70.49
70.76
72.05
72.25
72.64
73.98
76.9
77.53
79.63
77.81
78.84
78.94
80.9
78.74
78.36
81.21
84.63
88.41
90.13
87.81
86.81
85.29
88.23
88.93
88.99
44.86
44.5
44.12
41.79
42.81
42.75
40.53
39.35
39.83
40.27
40.32
40.96
41.18
42.25
42.96
43.7
42.83
42.55
42.5
42.53
41.75
42.8
41.67
40.89
41.09
41.89
42.33
43.56
43.74
41.92
42.66
41.04
37.26
35.35
35.62
37.09
35.51
37.18
35.5
36.98
36.19
35.95
35.54
36.06
36.43
36.21
37.15
36.68
37.24
36.97
36.42
35.61
34.13
34.77
35.55
35.36
35.84
37.55
37.55
39.76
39.7
39.78
40.74
40.56
39.76
40.3
40.04
38.24
37.92
36.54
36.92
37.65
35.81
35.9
36
37.13
37.98
38.31
37.61
37.86
38.55
38.89
37.76
37.1
37.31
36.37
36.81
36.5
37.98
37.39
37.63
38.25
38.1
38.24
38.35
40.75
41.55
41.49
43.19
43.63
43.29
44
43.81
43.63
43.99
43.8
42.65
42.75
43.19
43.22
42.71
42.99
42.65
43.82
43.38
44
46.1
47.68
46.25
47.15
46.3
45.83
45.87
45.74
45.77
46.06
45.74
45.84
46.57
46.89
46.26
46.22
48.8
48.68
49.78
51.31
51.4
50.82
49.61
49.87
51.21
52.64
53.19
52.11
51.9
53.2
53.84
53.44
51.08
52.34
53.61
54.44
53.75
52.78
51.7
51.3
50.37
51.59
49.25
53.74
54
53.44
52.21
54.94
56.14
55.66
56.79
56.1
57.03
55.41
54.47
57.59
57.5
59.95
61.85
61.15
60.23
59.9
60.11
61.18
61.54
61.45
62.28
64.95
64.52
64.56
64.96
66.52
67.11
69.34
69.66
68.1
67.82
71.6
72.63
71.82
74.05
73.95
74.08
74.33
74.91
74.98
72.01
72.18
71.11
71.38
72.11
73.5
74.02
73.35
74.23
73.57
71.45
71.89
74.75
74.97
74.38
76.3
76.05
80.86
83.9
84.29
85.59
84.71
82.49
79.04
76.09
77.67
76.04
74.2
72.33
72.03
75
75.51
75.42
72.1
71.85
67.3
67.6
68.81
64.95
67.31
64.71
67.64
69.22
70.57
70.29
69.08
71.32
71.75
71.46
70.99
68.49
69.1
69.61
67.72
65.48
66.31
65.66
63.93
63.19
65.68
67.32
66.23
64.31
64.66
63.99
61.81
61.67
60.16
59.96
59.51
58.71
62.33
62.75
62.72
62.65
61.17
67.21
71.24
69.79
68.67
67.99
66.71
66.47
64.81
66.22
65.65
67.63
67.04
65.75
66.17
68.15
69.36
70.39
69.6
71.62
71.14
71.13
71.89
71.89
71.03
70.6
68.15
67.7
67.79
64.98
65.26
63.18
64.51
63.38
63.15
63.34
64.33
63.55
61.22
59.77
62.17
61.66
60
59.72
58.56
60.76
59.24
57
58.33
57.61
59.38
57.56
57.2
57.47
57.86
59.58
58.83
58.99
57.43
56.02
58.97
57.27
57.95
57
55.77
55.4
55
55.65
52.96
52.25
50.67
52.37
52.9
54.1
60.5
60.72
61.42
61.93
63.87
63.4
65.59
67.96
67.18
68.16
69.59
68.3
67.21
64.78
63.59
64.07
63.65
63.94
66.45
67.98
67.59
67.91
66.56
67.62
67.31
67.81
68.75
66.98
66.48
66.96
67.85
68.38
71.48
70.03
72.8
72.52
72.5
72.63
74.2
74.17
74.1
73.89
73.77
75.26
74.65
73
75.75
77.61
76.41
77.01
76.98
74.86
74.08
75.38
74.83
74.22
74.63
73.81
73.23
75.26
75.02
75.4
74.29
74.53
78.99
79.95
81.46
81.05
81.68
82.19
80.41
80.42
81.08
79.16
78.98
78.29
79.71
80.51
82.45
83.34
83.12
84.35
85
84.05
85.61
85.85
86.47
88.6
90.31
91.63
89.54
91.81
91.8
91.66
91.32
91.12
91.27
89.83
87.04
88.26
88.75
86.14
89.05
88.55
87.72
85.47
86.31
84.76
82.9
82.2
81.51
81.52
80.87
84.84
83.8
85.66
85.05
85.47
92.57
97
95.8
94.62
97.1
94.95
89.07
88.5
86.79
85.7
86.7
86.25
85.38
85.94
85.55
85.73
84.74
84.75
83.94
84.15
86.15
86.18
83.27
84.88
84.7
85.3
85.21
84.83
85.9
89.2
89.51
89.07
88.51
83.93
84.61
87.06
85.41
86.32
88.19
87.72
88
87.97
89.87
88.4
90
89.57
89.59
91.13
91.48
93.87
93.96
93.52
95.85
95.46
93.24
93.75
92.91
93.65
94.5
94.27
94.68
93.65
94.25
92.59
92.19
90.24
91.43
90.35
90.4
90.27
90.97
93.51
93.24
95.35
98.84
99.92
99.8
99.47
100.39
100.4
100.81
103.92
105.06
106.88
107.34
108.74
109.36
107.52
107.34
109.44
110.02
111.98
113.54
112.89
110.69
113.62
114.35
118.77
121.19
118.4
121.33
122.67
123.64
124.07
124.49
120.19
120.38
117.5
118.75
120.5
125.09
123.66
121.55
123.9
123
122.34
119.65
121.89
120.56
122.04
121.26
127.17
132.75
132.3
130.33
132.35
132.39
134.07
137.73
138.1
138.91
138.12
140
143.75
143.7
134.89
137.26
146
143.85
141.43
131.76
135
136.49
131.85
135.25
135.03
134.01
126.39
125
127.79
124.03
119.9
117.05
122.06
122.22
127.57
132.51
131.07
135.3
132.25
126.82
134.08
136.25
138.48
144.16
136.76
135.01
131.77
136.71
135.49
136.85
137.2
138.81
138.41
140.92
140.77
140.31
144.15
148.28
153.18
152.77
154.5
153.47
156.34
158.45
157.92
156.24
161.45
167.91
167.86
166.79
162.23
167.25
166.98
169.58
172.75
173.5
170.42
174.36
186.16
185.93
182.78
184.7
185.09
187
189.95
187.44
187.87
186.18
191.79
186.3
175.47
165.37
153.76
169.96
166.11
164.3
166.39
163.95
168.85
168.46
171.54
172.54
174.81
180.22
184.29
182.22
178.86
179.81
185.5
189.95
194.3
194.21
188.54
190.86
191.83
190.39
184.4
182.98
183.12
187.21
193.91
198.8
198.95
198.57
199.83
198.08
194.84
194.93
180.05
177.64
171.25
179.4
178.02
172.69
178.78
169.04
159.64
160.89
161.36
155.64
139.07
135.6
130.01
130.01
131.54
132.18
135.36
133.75
131.65
129.36
122
121.24
125.48
129.45
124.86
129.4
127.46
124.63
122.18
123.82
121.54
119.46
119.74
119.15
122.96
129.91
125.02
121.73
124.62
124.49
120.93
122.25
119.69
127.35
126.03
127.94
126.61
126.73
132.82
129.67
133.27
139.53
140.98
145.06
140.25
143.01
143.5
149.53
147.49
151.61
153.08
155.89
152.84
151.44
154.55
147.14
147.78
148.38
153.7
154.49
161.04
168.16
160.2
162.89
168.94
169.73
172.24
175.05
173.95
180
180.94
184.73
186.66
182.59
185.06
183.45
188.16
189.96
186.26
189.73
187.62
183.6
185.9
178.19
177.05
181.17
186.43
187.01
186.69
188.75
186.1
185.37
185.19
189.43
185.64
181.61
185.64
180.81
173.26
172.37
176.84
181.43
178.75
180.9
175.27
173.16
173.25
177.39
168.26
170.09
167.44
174.68
168.18
170.12
175.16
179.55
174.25
176.63
172.58
173.88
169.64
172.81
171.81
165.15
166.29
162.02
166.26
159.03
162.12
154.4
157.08
159.88
158.95
156.66
153.23
160.64
164.19
163.57
169.55
173.56
176.73
179.3
179.32
175.74
175.39
173.53
175.84
174.29
176.79
172.55
173.64
174.67
173.74
169.53
166.19
166.96
161.22
160.18
157.92
151.68
151.61
152.65
148.94
140.36
139.88
127.83
134.09
140.91
131.05
126.84
128.71
131.93
128.24
105.26
113.66
109.12
100.1
97.07
98.14
89.16
89.79
88.74
96.8
110.26
104.08
97.95
101.89
97.4
98.44
91.49
96.87
98.23
96.38
92.09
99.91
104.55
111.04
107.59
106.96
110.99
103.3
99.1
98.24
95.88
94.77
90.12
96.44
90.24
88.14
89.91
86.29
80.49
82.58
92.95
90.8
95
92.67
88.93
92.47
95.9
91.41
94
99.72
100.06
98.21
95
98.27
94.75
95.43
89.16
89.43
90
85.74
86.38
85.04
85.81
86.61
86.29
85.35
90.75
94.58
93.02
91.01
92.7
90.58
88.66
87.71
85.33
83.38
82.33
78.2
82.83
88.36
88.36
89.64
90.73
94.2
93
90.13
91.51
92.98
93.55
96.46
99.72
102.51
97.83
96.82
99.27
99.16
94.53
94.37
90.64
91.2
86.95
90.25
91.16
89.19
89.31
87.94
88.37
91.17
88.84
85.3
83.11
88.63
92.68
96.35
95.93
95.42
99.66
101.52
101.62
101.59
107.66
106.5
106.49
109.87
106.85
104.49
105.12
108.69
112.71
115.99
118.45
115
116.32
119.57
120.22
118.31
117.64
121.45
123.42
120.5
121.76
121.51
125.4
123.9
124.73
123.9
125.14
125.83
127.24
132.07
132.71
132.5
129.06
129.19
129.57
124.42
119.49
122.95
122.42
126.65
127.45
125.87
124.18
122.5
130.78
133.05
135.07
135.81
139.35
139.49
140.95
143.74
144.67
143.85
142.72
140.25
139.95
136.97
136.09
136.35
135.58
135.88
139.48
137.37
134.01
136.22
139.86
142.44
141.97
142.43
142.83
140.02
138.61
135.4
137.22
136.36
138.52
142.34
142.27
146.88
147.52
151.75
152.91
151.51
156.74
157.82
159.99
160.1
160
160.03
162.79
163.39
166.43
165.55
165.11
163.91
165.51
164.72
162.83
165.31
168.42
166.78
159.59
164
164.6
166.33
169.22
169.06
169.4
167.41
169.45
170.05
168.21
165.3
165.18
166.55
170.31
172.93
171.14
172.56
172.16
173.72
175.16
181.87
184.55
185.02
184.02
184.48
185.5
183.82
182.37
186.15
185.38
185.35
180.86
184.9
186.02
190.01
190.25
189.27
190.47
190.81
190.02
191.29
190.56
188.05
189.86
198.76
204.92
205.2
203.94
202.48
197.37
192.4
196.35
188.5
189.31
188.75
190.81
194.03
194.34
201.46
202.98
203.25
201.99
204.45
206.63
207
205.96
200.51
199.92
205.88
204.44
204.19
200.59
199.91
196.97
196.23
196.48
193.32
188.95
189.87
197.8
196.43
194.67
196.98
194.17
195.03
191.86
195.43
198.23
200.36
202.1
209.04
211.61
209.1
211.64
210.73
214.01
214.38
210.97
210.58
211.98
210.11
207.72
210.65
209.43
205.93
215.04
211.73
208.07
197.75
203.07
205.94
207.88
199.29
192.06
194.73
195.86
199.23
192.05
195.46
194.12
196.19
195.12
198.67
200.38
203.4
202.55
202.93
201.67
200.42
197.06
200.66
202
204.62
208.99
208.85
209.33
210.71
218.95
219.08
223.02
224.84
225.5
226.6
223.84
224.45
224.12
224.65
222.25
224.75
228.36
229.37
226.65
230.9
232.39
235.85
235
235.97
238.49
239.54
240.6
239.95
241.79
242.29
242.43
245.69
248.92
247.4
247.07
244.59
259.22
266.47
270.83
269.5
262.04
261.6
268.64
261.09
266.35
258.68
255.99
246.25
235.86
253.99
256.52
262.09
258.36
253.82
254.22
252.36
248.34
237.76
242.32
246.76
245.22
244.11
253.35
256.88
260.83
263.95
263.12
255.96
250.94
249.33
243.2
250.51
253.51
254.28
259.69
267.25
271.87
274.07
270.17
273.85
270.97
269
266.7
268.3
256.17
251.53
248.48
246.94
248.63
258.67
258.09
259.62
257.29
251.8
252.73
251.45
249.9
245.58
251.89
254.24
259.02
259.94
259.28
264.08
260.96
258.11
257.25
261.85
261.93
262.98
261.7
260.09
261.75
259.41
250.19
251.79
249.1
247.64
251.97
253.07
249.88
249.64
245.8
239.93
242.89
240.28
241.62
242.5
243.1
250.33
252.17
258.77
257.81
262.92
263.07
263.41
267.04
268.06
270.22
276.57
275.37
283.23
283.77
287.75
288.92
292.32
291.16
286.86
287.37
283.75
282.52
278.64
288.94
289.19
289.22
294.07
295.36
298.54
300.14
302.31
314.74
318
309.49
310.53
309.52
307.47
308.84
308.05
307.83
305.24
300.98
304.18
309.36
312.8
318.27
317.13
318.62
316.08
318.03
316.65
308.03
307.04
301.59
300.5
308.43
306.73
313.36
308.73
314.8
315
316.87
311.15
316.4
318.15
317.44
320.15
318.21
321.01
319.76
320.56
321.67
320.29
320.36
321.25
320.61
322.21
324.2
325.16
323.6
324.68
325.47
325.29
323.66
322.56
329.57
331.29
334
333.73
336.12
342.45
341.64
344.42
345.68
348.48
340.65
338.84
332.68
326.72
337.45
341.4
343.85
343.21
336.1
339.32
345.03
344.32
343.44
346.5
351.88
355.2
358.16
354.54
356.85
359.18
359.9
363.13
358.3
350.56
338.61
342.62
342.88
348.16
353.21
349.31
352.12
359.56
360
355.36
355.76
352.47
346.67
351.99
353.56
345.43
330.01
334.64
330.67
339.3
341.2
339.19
344.97
351.54
350.44
350.96
348.63
348.51
344.56
341.19
338.89
338.04
338.08
335.06
330.8
332.4
336.13
332.42
327.46
331.85
337.86
342.41
350.7
353.01
350.42
350.15
346.75
350.13
346.28
348.2
349.57
346.75
346.66
347.6
349.45
347.23
346.57
340.5
333.3
336.14
339.87
340.53
335.22
334.4
332.19
336.78
335
337.41
347.83
345.51
346.1
343.44
338.04
332.04
332.24
331.49
325.9
326.6
332.44
326.75
325.16
320.26
315.32
325.3
322.61
331.23
326.35
332.04
335.26
334.04
335.67
343.26
349.43
351.76
357.2
359.71
354
353.75
358.02
357.77
364.92
373.8
376.85
386.9
387.29
393.3
398.5
403.41
392.59
391.82
390.48
396.75
388.91
392.57
377.37
373.62
353.21
374.01
363.69
373.7
376.99
383.41
380.48
380.44
366.05
356.03
356.44
373.6
376.18
373.72
383.58
389.97
389.99
384.83
381.03
374.05
379.74
383.93
384.14
377.48
379.94
384.62
389.3
392.96
400.5
411.63
413.45
412.14
401.82
404.3
403.17
399.26
397.01
390.57
381.32
374.6
372.5
378.25
377.37
369.8
388.81
400.29
402.19
408.43
422
419.99
422.24
398.62
395.31
392.87
405.77
397.77
400.6
404.69
404.95
404.78
396.51
397.41
403.07
400.24
399.73
406.23
395.28
385.22
384.62
379.26
388.83
384.77
377.41
374.94
369.01
376.51
366.99
363.57
376.12
373.2
382.2
387.93
389.7
393.01
390.95
389.09
390.66
393.62
391.84
388.81
380.19
378.94
381.02
382.21
395.95
396.45
398.55
403.33
406.53
402.64
405.12
405
411.23
413.44
418.03
422.4
421.73
423.24
422.55
421.39
419.81
424.7
429.11
427.75
420.3
427.41
420.41
446.66
444.63
447.28
453.01
456.48
456.19
455.12
459.68
463.97
468.83
476.68
493.17
493.42
502.6
509.46
497.67
502.21
502.12
514.85
513.04
516.39
522.41
525.76
535.41
542.44
544.47
545.18
533.16
530.26
530.69
541.99
545.17
552
568.1
589.58
585.56
585.57
601.1
605.96
602.5
599.34
596.05
606.98
614.48
617.62
609.86
599.55
618.63
629.32
624.31
633.68
636.23
628.44
626.2
622.77
605.23
580.13
609.7
608.34
587.44
572.98
571.7
560.28
610
607.7
603
583.98
582.13
585.98
581.82
565.25
569.48
568.18
569.18
570.52
566.71
558.22
553.17
546.08
530.12
530.38
561.28
556.97
570.56
565.32
562.29
572.27
579.17
577.73
560.99
564.29
562.83
571.46
571.72
580.32
571.17
576.16
572.16
571.53
574.13
585.78
587.41
585.74
577.67
582.1
570.77
572.03
574.5
569.05
584
592.52
599.41
609.94
605.88
613.89
608.21
604.43
598.9
604.97
606.91
606.94
606.26
614.32
604.3
603.83
600.92
574.97
574.88
585.16
595.03
610.76
606.81
607.79
615.7
622.55
620.91
619.86
620.73
621.7
630
631.69
630.83
636.34
648.11
665.15
656.06
668.87
662.63
663.22
675.68
674.8
673.47
663.87
665.24
674.97
670.23
676.27
680.44
662.74
660.59
669.79
682.98
691.28
699.78
701.91
702.1
698.7
700.09
690.79
673.54
665.18
681.32
667.1
659.39
661.31
671.45
666.8
652.59
638.17
635.85
640.91
628.1
629.71
634.76
649.79
644.61
632.64
609.84
634.03
613.36
616.83
609.54
604
595.32
596.54
576.8
584.62
582.85
558
537.75
547.06
542.83
542.9
536.88
525.62
527.68
565.73
560.91
561.7
571.5
589.53
584.78
582.94
589.36
585.28
586.19
575.85
538.79
547.24
533.25
529.82
541.39
539
529.69
509.79
518.83
533.9
526.31
521.73
519.33
520.17
513
515.06
509.59
532.17
549.03
542.1
527
523.9
525.31
517.1
523.51
520.3
501.75
485.92
506.09
502.68
500
504.77
514.01
450.5
439.88
449.83
458.27
456.83
455.49
453.62
442.32
457.84
457.35
468.22
474.98
479.93
467.9
467.01
466.59
460.16
459.99
448.85
446.06
450.81
442.8
448.97
444.57
441.4
430.47
420.05
431.14
425.66
430.58
431.72
437.87
428.43
428.35
432.5
443.66
455.72
454.49
452.08
452.73
461.91
463.58
461.14
452.08
442.66
428.91
429.79
431.99
427.72
423.2
426.21
426.98
435.69
434.33
429.8
419.85
426.24
402.8
392.05
390.53
398.67
406.13
405.46
408.38
417.2
430.12
442.78
439.29
445.52
449.98
460.71
458.66
463.84
456.77
452.97

